

[WEATHER]

API_KEY = 4503be2ea7a2d039daa76888cc9d674d

# Europe - Biel / Bienne
LAT_1 = 47.138466
LON_1 = 7.247041

# North America - New York
LAT_2 = 40.7128
LON_2 = -74.0060

# South America - Buenos Aires
LAT_3 = -34.6037
LON_3 = -58.3816

# Africa - Cairo
LAT_4 = 30.0333
LON_4 = 31.2333

# Asia - Tokyo-
LAT_5 = 35.6895
LON_5= 139.6917

# Australia - Sydney
LAT_6 = -33.8688
LON_6 = 151.2093

# Antarctica - McMurdo Station
LAT_7 = -77.8419
LON_7 = 166.6863
